96
220
105
140
80
95
91
105
165
192
155
145
195
83
155
173
72
185
242
70
135
90
210
215
95
109
192
250
110
242
125
135
161
45
110
92
105
220
55
140
105
175
105
120
180
95
171
140
186
160
139
135
110
175
85
139
190
128
65
180
220
200
130
225
15
195
115
150
130
80
85
80
152
200
208
155
95
105
130
154
165
130
221
75
125
230
145
105
130
115
150
85
160
155
185
60
175
147
166
232
80
150
145
120
127
105
181
155
170
150
95
90
90
95
52
90
90
160
140
160
42
90
105
155
200
65
94
85
115
173
35
170
194
125
175
235
130
100
100
210
185
130
55
170
280
215
200
275
190
160
330
235
109
175
65
183
226
100
55
120
70
140
205
93
190
146
165
145
65
212
95
155
190
55
205
150
50
155
173
120
160
135
125
190
65
90
152
212
50
155
110
120
130
145
160
227
262
190
275
170
232
195
30
95
195
80
65
232
190
205
270
96
134
200
320
120
225
165
135
105
138
80
120
140
165
225
185
170
170
80
155
150
103
85
165
85
219
130
205
135
195
50
150
195
75
230
213
153
250
75
253
205
269
200
145
135
160
130
99
200
190
150
120
120
261
190
145
140
125
204
120
115
283
165
140
40
75
120
175
65
225
110
170
125
40
157
190
145
140
131
200
175
200
210
97
197
199
131
200
230
90
280
120
205
245
190
90
300
130
190
60
131
175
45
141
242
130
180
225
130
115
190
235
117
140
190
110
130
155
165
150
95
185
60
125
265
50
120
75
75
105
160
220
105
105
155
230
95
130
220
100
340
66
160
105
135
325
215
231
245
105
255
135
245
140
74
135
176
80
120
150
135
210
105
115
105
80
198
218
150
100
285
65
240
189
200
45
190
124
129
190
135
75
225
212
155
130
125
145
75
155
100
183
100
140
215
100
260
139
190
119
45
220
85
245
193
210
195
300
240
145
85
330
210
230
220
252
172
190
176
144
105
70
110
95
115
215
174
340
195
170
172
160
120
215
200
105
75
135
180
154
132
170
175
100
145
170
115
160
105
140
45
80
165
200
170
225
222
233
170
230
150
172
205
85
60
5
35
154
215
130
155
250
246
174
175
170
169
159
261
125
185
150
241
180
185
175
155
170
65
188
166
135
34
110
100
185
145
90
180
305
150
247
95
130
205
122
80
120
75
130
270
130
255
130
175
250
20
237
150
165
187
255
99
75
110
185
200
195
115
135
222
169
240
115
150
171
75
283
162
135
80
105
245
310
185
120
195
160
215
165
193
300
85
140
110
170
125
80
145
235
270
197
140
125
290
200
107
140
135
242
172
262
106
260
194
172
245
45
120
145
125
195
100
260
135
195
165
201
120
160
249
70
150
75
145
190
135
165
272
251
245
148
165
220
40
165
155
65
205
195
85
195
160
155
140
175
135
95
140
90
95
220
180
136
225
35
55
225
120
205
264
220
120
185
220
200
160
170
310
310
130
110
265
130
274
295
150
255
255
250
185
180
255
195
235
240
215
245
100
150
135
255
275
10
90
104
75
235
25
155
45
165
145
165
275
137
50
250
180
25
175
230
152
200
145
86
222
100
175
170
203
154
195
180
310
192
95
245
205
185
255
215
162
75
175
160
330
180
72
100
255
160
250
150
120
150
130
135
105
185
135
190
85
225
65
240
185
65
310
130
300
115
130
174
114
250
130
190
115
135
90
152
209
103
150
68
200
180
125
215
60
110
160
188
100
160
150
115
146
175
135
85
300
255
97
190
220
160
135
150
55
305
130
175
90
120
65
155
290
165
265
155
225
164
276
152
280
75
155
133
165
105
85
120
225
220
219
110
200
205
200
215
225
135
220
205
190
165
145
260
65
45
285
211
245
185
150
255
170
240
211
105
160
110
259
160
145
205
155
195
155
140
155
205
165
205
165
190
207
50
150
190
140
75
235
280
190
148
120
185
115
220
75
225
65
118
245
155
180
170
155
185
245
150
195
178
180
120
115
55
198
140
35
230
175
181
170
165
215
125
190
205
175
232
85
188
120
355
65
190
235
138
355
215
87
205
165
175
245
191
60
240
230
165
230
114
240
205
205
235
136
135
230
110
105
235
120
210
229
120
210
161
165
140
166
160
155
296
78
185
185
100
251
250
225
110
210
110
205
160
211
265
116
282
125
150
186
233
200
155
135
155
110
40
160
120
215
350
270
165
177
230
255
233
245
165
305
125
235
265
180
141
130
80
115
120
124
246
96
195
159
225
185
160
232
200
186
145
175
115
326
188
260
130
170
180
50
350
215
165
155
175
95
255
200
120
185
200
130
105
252
70
145
287
210
180
140
190
95
70
205
300
245
310
245
280
190
94
140
125
240
45
175
265
225
150
75
185
90
70
210
135
120
245
210
280
177
218
265
185
135
295
100
190
220
150
240
195
95
65
150
140
235
178
163
190
262
210
50
100
90
260
195
166
30
295
260
230
170
150
250
205
275
275
245
248
140
120
120
165
220
60
165
230
155
175
107
120
305
210
163
160
255
161
170
355
273
215
260
195
105
170
180
180
300
165
190
236
150
150
164
255
255
250
205
290
135
100
93
205
150
285
156
270
105
230
300
154
123
147
155
80
95
245
235
85
170
225
395
55
130
160
260
170
120
316
225
145
275
210
205
270
230
270
105
191
115
185
145
165
165
203
210
145
290
235
135
115
255
300
160
230
145
95
210
195
196
85
180
115
305
115
119
135
105
100
140
165
225
135
210
115
260
235
205
25
150
145
250
160
135
230
285
310
135
85
45
65
80
90
170
180
141
330
227
180
104
285
225
145
90
80
215
285
120
110
175
95
270
200
290
190
169
175
308
295
275
200
205
105
205
135
80
235
165
155
340
210
90
165
195
75
65
50
85
185
145
137
120
284
20
120
250
110
171
207
233
60
210
220
59
160
105
190
290
130
215
155
160
250
275
125
279
210
190
240
235
200
90
265
265
120
365
240
115
250
294
120
95
210
260
140
245
310
215
90
195
160
338
194
160
107
141
125
60
245
154
85
170
155
220
125
50
125
200
185
250
165
195
217
245
185
105
255
280
170
145
225
210
92
120
230
170
170
235
240
205
182
208
270
105
145
160
150
145
130
185
170
210
259
115
105
115
145
55
238
163
320
125
205
70
95
215
170
274
185
208
130
160
185
202
195
165
180
215
250
195
140
163
210
135
170
265
210
55
217
290
166
220
270
120
224
145
160
145
323
100
105
100
175
240
160
195
175
260
180
270
189
303
219
285
164
95
303
200
165
55
180
245
120
200
135
140
105
85
295
195
230
70
320
170
165
136
75
80
160
280
110
210
110
135
224
165
75
125
90
152
255
155
210
225
240
40
145
305
151
177
190
280
92
145
109
115
135
210
195
110
246
235
180
210
200
215
135
295
215
110
85
217
250
215
175
200
225
191
107
300
77
160
80
135
250
330
180
200
35
140
160
200
145
195
195
165
55
220
110
110
225
155
163
210
155
215
175
240
205
252
200
178
190
140
115
466
135
135
83
215
225
74
265
155
305
155
130
185
205
195
115
220
215
160
295
315
342
130
245
243
188
205
140
170
260
155
135
225
100
265
280
185
230
155
130
135
184
140
139
190
155
235
190
145
165
105
120
225
222
180
195
305
190
205
90
160
165
210
85
220
248
175
165
230
244
255
210
230
375
205
160
160
260
168
214
100
180
210
240
265
190
145
185
225
215
185
115
245
120
318
165
257
210
150
155
70
221
120
160
100
205
131
340
110
220
145
280
225
135
195
300
185
90
170
300
235
220
165
160
186
140
160
205
105
270
165
220
121
180
200
105
105
105
275
75
150
310
185
255
195
217
235
320
110
225
275
250
212
230
185
90
200
310
210
140
271
195
220
220
266
110
130
315
170
337
165
250
195
185
220
220
140
265
175
133
120
170
221
104
190
145
214
155
110
285
240
265
265
195
123
210
154
320
200
125
275
115
205
125
220
183
129
160
180
111
145
120
180
223
146
155
176
165
255
85
265
275
154
210
80
200
280
122
175
145
130
170
160
145
140
132
230
218
290
304
135
290
261
215
155
255
360
184
173
265
340
235
328
197
325
155
200
210
111
125
255
285
145
241
245
195
170
300
105
243
160
135
235
165
275
150
165
170
105
220
170
235
85
255
100
357
245
105
320
175
220
210
225
160
255
275
160
275
200
115
170
240
215
291
195
125
200
249
232
225
135
280
215
76
135
275
292
290
109
195
120
245
253
70
285
215
175
170
410
110
85
135
165
196
148
285
165
285
115
215
165
150
170
321
120
140
276
175
255
228
85
135
155
111
305
60
220
135
175
299
240
250
215
280
115
276
160
255
145
260
210
250
235
305
60
260
185
230
290
235
260
155
325
250
200
295
165
210
295
172
182
180
200
210
175
325
190
120
295
107
285
195
180
133
350
135
265
135
105
165
286
190
175
300
175
172
204
210
185
225
199
237
165
230
264
285
175
166
135
165
80
205
165
280
165
255
360
165
195
165
155
180
224
372
210
275
210
150
181
150
144
110
230
155
237
323
305
80
295
220
140
178
265
130
101
253
221
295
110
180
100
175
255
210
255
310
120
165
310
250
260
150
185
140
100
180
255
150
300
150
243
181
160
205
60
150
155
265
110
195
225
265
105
340
260
285
110
247
130
170
320
135
145
90
130
215
155
175
200
261
230
320
270
380
220
125
280
260
219
252
190
270
180
310
200
235
135
350
200
200
299
345
295
235
125
345
125
278
205
289
120
195
170
205
183
220
290
290
165
215
227
225
235
201
267
90
190
265
203
110
155
210
220
185
160
205
185
273
145
215
240
150
265
205
220
120
310
231
165
205
249
360
158
230
175
252
130
260
210
120
160
140
150
283
335
122
145
105
240
314
180
255
220
185
175
135
185
300
110
316
260
158
315
145
105
185
245
175
160
265
114
175
210
290
115
271
335
260
288
240
315
35
175
170
219
165
230
265
300
350
110
175
215
345
240
265
180
140
333
280
206
300
200
220
255
170
145
350
197
210
175
250
165
107
175
195
235
180
135
215
130
215
225
85
235
265
100
335
315
191
101
290
185
250
135
120
270
150
265
180
160
155
235
155
115
215
226
180
220
279
205
155
255
140
225
210
170
155
140
100
170
190
140
90
220
265
135
240
160
270
145
260
108
365
90
185
240
133
270
136
205
245
308
135
213
270
204
230
180
225
135
130
85
345
291
345
276
75
210
244
150
210
185
115
140
240
225
170
195
285
270
135
259
190
237
183
127
236
205
265
201
140
132
195
245
205
75
275
125
260
190
210
205
192
205
170
228
315
135
220
150
269
174
332
273
150
285
185
145
320
220
150
200
200
115
195
195
119
195
195
235
263
285
275
222
235
275
209
278
190
255
240
140
378
230
230
125
112
270
144
275
360
312
185
150
290
280
236
160
165
170
375
265
255
330
180
103
125
170
165
250
90
325
165
255
105
380
170
210
125
320
330
215
105
320
255
55
230
105
145
175
375
165
310
120
65
145
145
270
215
160
210
369
366
309
100
165
147
132
150
250
195
290
125
225
50
115
240
165
80
315
180
110
195
230
200
255
160
275
190
140
298
275
58
264
240
270
250
205
370
195
180
70
208
175
115
170
196
125
220
201
345
25
200
243
285
270
180
140
200
266
211
195
212
265
75
199
182
325
305
145
275
205
194
110
170
150
309
150
285
200
130
235
215
194
170
230
239
170
145
285
335
350
185
275
205
185
235
280
310
265
172
215
405
135
245
285
205
254
150
312
80
166
127
260
215
180
204
198
115
105
210
246
206
195
400
70
195
120
180
105
221
330
195
295
240
140
235
106
220
75
285
150
65
130
200
240
186
125
290
144
180
299
247
271
170
316
204
230
200
80
90
238
155
280
300
265
170
213
245
275
170
135
150
287
90
195
170
180
275
125
270
260
260
195
210
231
214
231
210
185
130
350
315
150
261
205
170
235
240
245
125
360
255
200
261
235
195
325
230
135
200
315
186
265
255
105
235
250
90
256
170
270
135
225
225
315
205
255
190
210
84
250
315
160
299
305
95
228
275
260
115
140
262
195
216
199
225
99
110
165
190
250
240
250
185
270
395
115
135
220
286
185
285
255
143
290
110
110
310
240
205
320
210
161
205
360
250
95
200
281
146
258
245
205
155
340
190
210
305
322
200
203
295
310
105
140
280
150
302
280
310
145
275
145
233
170
200
341
195
247
204
260
350
240
265
230
301
85
201
180
275
253
148
300
265
204
190
210
165
305
220
175
195
405
165
215
180
160
275
240
181
228
235
270
200
247
425
35
160
260
300
150
100
135
280
215
255
220
219
145
135
180
290
70
220
175
195
95
125
150
220
135
286
247
230
205
370
321
95
285
195
195
165
190
247
230
140
285
135
125
325
235
195
265
215
130
365
220
245
320
190
165
220
85
325
165
50
129
180
263
195
305
225
288
400
338
260
290
210
176
180
185
169
195
210
385
220
280
170
250
305
140
195
270
250
210
217
255
182
275
215
271
285
205
165
270
190
190
205
235
205
175
295
235
351
271
255
255
195
180
210
300
210
160
385
195
300
320
158
235
182
155
90
135
225
290
365
340
195
290
230
225
210
295
105
264
285
185
225
280
360
270
270
255
254
120
290
85
245
129
335
243
140
305
160
350
250
125
260
265
170
175
265
135
374
145
115
136
155
255
151
170
290
311
240
280
195
145
282
269
125
115
150
335
205
179
176
360
225
30
305
245
173
257
140
260
303
310
190
285
215
365
240
220
225
265
175
220
245
270
250
170
205
125
325
185
205
55
300
220
370
120
120
230
255
200
265
233
296
200
232
160
280
280
205
105
275
178
166
210
263
305
360
308
385
195
160
125
255
185
120
255
195
135
180
215
196
185
355
321
225
170
155
220
185
180
240
145
200
310
260
125
152
170
245
235
215
230
155
90
245
160
170
355
222
338
285
144
250
330
265
285
175
210
262
185
205
330
265
145
254
250
120
235
165
217
200
195
301
165
280
139
265
236
212
178
295
200
80
200
193
130
229
245
335
215
130
340
150
265
340
135
125
150
260
100
290
200
190
159
230
330
255
217
265
225
215
270
290
320
160
195
320
295
190
147
154
150
285
430
240
212
241
295
185
135
230
190
215
160
280
205
190
80
155
166
325
310
200
175
340
225
170
265
250
165
185
90
405
44
155
190
145
30
270
213
245
140
285
350
250
220
145
215
340
240
150
115
380
174
350
192
205
250
270
227
165
255
150
255
135
295
215
324
117
320
115
188
206
180
285
217
240
145
220
334
165
350
240
225
175
235
155
284
60
130
150
225
333
265
196
73
135
225
255
292
156
165
252
275
163
140
226
340
170
328
282
230
260
245
160
305
230
85
228
190
170
80
255
347
135
230
221
90
160
239
310
165
350
70
336
185
150
185
195
160
215
225
251
235
275
205
185
145
285
199
80
234
165
365
368
81
237
250
256
165
216
245
160
200
270
147
205
215
310
80
150
198
320
190
167
311
315
243
210
204
195
130
156
272
280
200
220
230
195
224
175
160
335
110
225
250
225
100
321
296
290
235
170
305
320
235
210
140
135
130
155
190
245
290
235
185
180
125
130
180
245
165
227
175
130
108
230
240
274
206
308
215
275
310
221
195
133
190
285
213
170
134
220
90
220
293
163
345
180
150
225
135
125
275
200
235
155
310
220
215
220
190
310
330
330
263
225
190
225
190
135
120
290
300
155
210
335
265
250
152
310
140
235
190
177
125
210
229
272
320
275
175
240
284
215
270
135
205
165
145
212
160
260
175
160
302
335
318
170
220
225
316
355
260
110
280
226
375
215
269
170
330
135
190
150
200
325
395
200
255
240
250
205
330
149
287
330
251
385
305
260
165
204
371
260
210
325
250
250
80
395
145
310
282
195
255
205
95
215
233
405
184
329
135
275
110
145
277
400
325
200
305
202
390
197
380
225
250
75
241
264
200
165
231
270
190
207
210
175
235
204
245
285
340
235
220
260
230
310
289
213
135
75
275
296
274
290
280
228
245
340
225
245
210
310
290
300
185
190
379
290
245
210
175
60
330
331
235
120
125
185
265
265
245
120
285
330
155
164
185
180
150
150
218
197
250
245
260
410
95
70
338
230
235
230
158
180
160
229
180
268
170
335
205
275
369
145
146
140
130
320
140
105
275
267
230
250
170
231
185
145
205
145
155
300
435
210
161
320
110
200
240
175
225
280
325
100
230
180
230
275
300
215
230
235
290
240
290
315
280
195
240
140
340
360
165
230
270
165
300
340
305
315
180
330
194
248
375
153
210
245
310
290
178
245
336
263
330
135
310
230
295
173
215
152
230
306
195
320
174
270
265
275
229
215
185
312
232
165
170
255
185
295
225
230
173
267
130
255
220
435
255
246
175
270
180
139
155
310
187
205
410
455
180
229
200
228
244
255
230
230
218
260
166
195
339
360
295
175
270
100
266
330
245
238
140
320
250
155
165
385
423
130
235
294
330
230
230
235
380
347
365
292
507
272
215
355
220
270
290
100
120
201
285
130
395
335
265
170
230
230
85
255
150
282
267
240
287
295
190
250
160
200
186
250
240
269
180
85
175
290
229
245
310
215
376
255
115
130
135
280
310
225
260
207
155
162
145
150
400
260
340
170
314
305
311
179
120
330
130
95
365
255
403
260
216
307
255
215
75
264
324
210
165
70
110
202
250
132
240
325
430
250
80
245
190
205
125
330
189
235
295
180
200
345
306
195
250
220
249
185
257
245
95
245
335
105
270
170
235
255
125
202
290
365
205
190
265
230
240
255
165
255
270
290
285
214
275
275
175
245
220
231
275
308
261
244
285
295
220
240
245
145
232
270
195
250
379
45
255
300
245
236
440
210
208
280
205
190
188
231
255
150
285
224
210
213
265
265
165
285
215
250
260
150
330
160
280
190
300
248
215
325
340
310
235
180
170
120
205
200
407
220
175
265
234
175
200
313
160
214
180
150
235
240
245
270
171
284
45
429
365
355
330
295
235
100
155
410
165
230
270
115
145
125
300
275
75
126
185
205
225
220
195
380
165
290
294
335
95
179
315
325
138
160
114
240
220
273
420
115
280
275
150
120
240
205
240
232
259
175
163
300
175
170
295
110
336
140
275
100
385
210
279
259
260
275
307
310
165
182
159
285
250
260
325
285
115
410
345
190
320
390
272
319
259
235
141
185
260
110
215
137
200
460
370
225
285
280
155
140
265
260
380
310
145
378
220
75
260
405
300
218
360
255
210
255
305
250
350
245
275
160
121
180
160
242
290
285
275
265
272
310
170
235
125
265
195
150
75
355
310
235
265
236
369
255
220
200
350
230
210
160
327
205
219
235
166
225
270
235
215
230
258
80
235
330
260
310
130
320
225
350
225
205
301
395
145
315
280
290
247
341
185
245
225
190
295
235
140
55
175
182
195
300
345
160
40
140
310
275
191
320
400
320
168
315
200
155
220
175
220
150
350
265
219
238
220
200
280
189
214
110
315
205
95
380
275
290
245
245
245
255
280
60
211
325
168
255
295
245
245
145
220
250
280
109
230
215
135
300
260
290
275
420
316
195
215
310
315
185
255
105
425
390
341
370
280
80
315
295
273
165
310
261
175
215
205
279
235
145
125
270
274
475
273
239
350
276
105
210
275
329
205
330
230
363
200
110
230
351
221
80
217
255
285
300
160
242
256
223
220
364
135
335
255
290
87
235
290
115
288
275
245
170
275
245
325
210
225
215
234
191
245
260
255
235
30
355
270
300
224
235
290
260
265
249
205
230
283
195
280
160
280
253
255
192
270
320
282
240
170
184
250
345
285
87
335
245
154
191
265
145
200
160
230
125
248
216
275
220
195
360
240
150
356
380
220
332
275
300
410
220
255
234
315
245
305
266
395
370
195
430
301
360
320
190
284
180
252
109
355
375
447
235
200
291
205
225
313
260
314
105
255
220
240
375
155
175
175
305
250
266
310
290
215
215
350
215
180
260
112
300
215
253
225
290
252
245
185
224
396
335
170
270
154
285
335
235
195
95
360
278
203
200
140
280
340
240
289
203
391
310
165
255
240
242
175
290
75
245
190
330
215
190
265
275
90
195
366
215
322
215
168
404
155
305
151
300
291
425
216
240
226
325
210
255
190
230
254
250
270
290
385
290
185
350
252
225
230
246
220
135
250
373
373
350
385
115
120
260
169
95
360
135
205
320
225
290
186
175
265
280
216
385
280
395
255
123
298
315
235
250
250
304
374
272
345
145
360
250
290
305
275
240
195
139
324
270
254
185
466
243
145
180
295
360
335
440
225
230
321
458
322
125
260
238
165
200
165
115
240
180
295
105
90
290
285
305
285
310
289
168
330
80
263
250
225
223
214
440
225
160
330
210
200
415
316
160
115
281
118
115
230
158
405
235
265
271
145
255
265
160
225
200
270
290
190
210
215
125
325
215
175
331
160
290
265
125
305
310
320
310
340
265
118
190
195
264
250
147
165
160
250
190
250
340
145
241
244
299
145
186
120
400
241
173
215
200
395
225
305
260
295
286
330
320
400
263
415
222
210
255
185
295
314
190
185
170
245
297
310
318
296
475
305
210
370
140
145
163
90
150
360
245
280
315
285
178
205
215
305
185
230
205
340
238
15
150
330
312
309
200
385
235
263
353
165
272
215
197
230
265
302
145
320
255
240
230
310
136
320
220
238
345
295
250
215
265
260
205
365
172
311
355
310
225
260
230
300
343
530
375
280
180
241
140
170
245
170
290
160
215
317
190
250
165
290
255
235
300
278
150
240
360
155
70
210
240
365
149
337
160
160
170
265
256
155
252
275
285
180
205
250
210
300
226
326
145
270
255
110
220
211
260
240
305
238
325
200
240
365
284
310
281
240
278
223
210
415
160
340
270
185
246
170
330
205
289
300
200
230
200
70
260
231
330
290
280
232
240
160
340
315
310
312
220
225
305
210
250
200
170
225
290
175
225
251
310
370
330
245
242
370
245
110
240
225
250
201
190
240
215
286
292
200
221
185
287
146
375
200
210
285
180
282
175
200
175
157
244
170
140
280
305
260
210
297
290
270
232
155
200
192
280
249
185
160
280
170
257
210
205
322
196
340
200
185
165
235
220
312
440
150
395
320
305
195
300
85
230
357
208
350
235
325
365
199
115
295
125
235
90
125
253
340
293
225
285
245
295
268
275
295
115
326
200
260
290
242
300
200
196
265
300
215
115
415
290
275
216
235
245
197
200
450
185
285
250
129
210
145
167
130
170
290
341
120
285
315
390
280
155
219
361
215
430
165
260
305
285
350
310
400
235
237
395
245
324
180
195
275
260
232
230
245
300
175
143
311
305
320
165
250
175
285
275
170
375
215
335
355
137
415
280
235
305
220
320
215
125
200
260
295
250
294
314
270
240
380
305
345
375
265
230
205
270
170
255
377
416
235
115
260
156
245
215
245
190
270
240
381
350
275
210
370
185
136
330
270
215
225
197
40
305
259
300
295
180
340
167
281
341
280
363
212
345
300
255
280
280
240
175
299
290
212
310
282
209
289
145
143
300
150
130
325
260
250
155
289
235
115
236
332
380
140
180
240
95
320
355
195
289
232
230
160
255
140
335
185
175
101
345
285
286
250
330
195
100
254
285
150
245
355
305
162
335
300
150
194
215
230
310
375
370
220
160
315
250
170
148
367
120
245
280
205
290
324
265
115
230
295
227
270
276
498
154
270
334
219
330
150
334
225
235
185
170
293
195
215
285
140
245
235
190
290
145
360
295
370
160
305
285
270
350
196
240
353
355
385
382
215
228
375
325
230
290
205
375
367
290
317
263
260
385
232
140
303
105
250
180
290
405
230
275
200
275
327
246
203
290
170
190
329
165
305
200
270
200
323
175
230
280
343
270
420
299
176
340
200
295
250
329
285
350
160
260
250
157
320
300
195
378
172
198
250
300
265
170
95
246
229
359
178
335
255
260
210
374
220
235
425
229
224
252
314
290
230
400
327
275
185
205
255
245
122
300
244
335
205
220
340
184
300
175
210
270
295
204
165
165
265
360
280
255
212
219
256
264
335
195
305
345
169
230
175
215
305
243
270
405
455
295
245
144
243
180
290
150
180
285
295
135
405
225
265
260
168
235
145
195
300
184
320
313
342
140
229
410
327
245
295
305
205
335
240
320
290
330
245
225
265
145
351
372
195
210
375
185
270
377
230
355
260
290
230
285
345
395
375
279
225
250
360
165
235
265
216
252
301
413
150
242
239
315
305
369
311
410
425
278
195
165
335
195
294
110
250
295
222
210
225
215
210
155
320
289
305
400
255
315
130
305
440
265
165
313
250
290
305
120
284
315
145
300
160
175
235
250
335
385
340
280
200
345
299
275
353
330
75
205
226
160
304
290
302
260
250
324
225
340
255
205
233
320
210
265
110
356
228
220
255
250
292
290
240
260
250
216
290
293
255
170
235
175
305
340
244
260
250
185
205
215
380
155
323
165
132
200
355
188
200
245
245
205
225
285
200
345
260
335
304
271
330
215
191
100
373
370
246
125
272
145
335
300
285
285
230
330
225
335
235
315
70
135
242
305
399
110
255
410
215
218
165
455
300
180
230
285
245
200
285
280
345
340
292
270
365
225
180
357
380
327
295
255
245
210
225
355
310
175
218
320
235
315
251
225
320
297
190
205
360
190
385
300
95
295
185
175
245
165
330
360
240
158
340
195
182
385
270
261
165
180
166
225
155
310
255
265
215
369
188
345
231
285
185
265
360
270
275
279
350
287
175
279
370
297
180
265
249
251
270
287
225
220
300
259
360
296
282
155
270
326
350
155
255
205
235
351
190
320
425
331
280
310
225
285
205
270
295
210
250
280
230
275
292
305
230
335
242
298
335
266
240
280
285
141
275
239
367
306
235
275
315
440
169
115
420
245
351
190
249
185
415
215
280
290
293
365
305
265
235
165
270
183
210
362
150
250
195
330
175
150
240
210
370
160
180
390
245
167
215
270
300
115
217
340
200
325
250
118
385
290
345
290
245
224
310
180
385
295
193
205
215
350
375
241
230
325
215
264
228
195
290
199
133
190
225
205
315
340
355
230
220
228
475
50
125
293
283
202
320
364
255
180
320
380
210
190
330
80
205
210
300
220
195
434
65
334
200
353
255
235
293
190
275
245
360
283
116
325
225
256
230
265
325
333
460
352
394
290
195
283
270
245
426
325
230
445
148
235
390
449
365
283
350
202
169
95
215
257
305
150
350
261
150
345
340
308
306
115
155
249
290
255
190
135
186
230
121
280
310
218
215
305
245
275
205
220
344
205
270
200
190
120
215
335
331
165
335
310
230
260
185
265
330
305
346
255
170
245
360
175
270
375
252
370
125
158
185
270
200
257
240
325
299
295
245
180
160
240
285
375
290
340
320
365
209
110
198
215
120
198
149
330
325
338
215
360
240
220
400
277
298
355
320
265
295
175
340
315
410
300
160
265
239
385
380
375
350
180
175
240
260
220
246
100
400
65
295
235
241
405
250
390
234
415
290
130
235
250
365
260
150
181
200
155
225
340
300
355
361
175
282
247
185
200
285
335
279
157
240
240
480
295
210
376
242
281
220
335
166
370
275
210
385
241
205
300
255
448
385
275
245
150
266
286
160
439
205
351
320
180
353
355
262
231
406
195
370
155
270
335
175
192
210
190
155
300
290
185
300
358
200
385
170
320
310
295
225
250
360
328
385
245
330
310
264
285
180
115
236
289
245
345
185
238
340
165
245
260
309
180
355
430
370
240
225
225
375
360
240
363
135
197
290
345
380
100
325
260
315
200
330
225
265
165
340
345
290
300
450
363
350
200
313
195
185
210
295
250
295
135
215
260
255
400
290
310
210
240
225
235
180
345
331
400
368
265
250
265
310
310
214
350
303
274
250
141
236
306
175
180
250
207
185
275
275
325
445
320
265
310
165
255
192
315
310
165
270
220
375
295
393
240
245
300
277
239
245
185
310
298
190
306
225
220
250
260
263
315
370
309
255
333
294
100
185
345
315
200
195
400
90
220
380
315
265
222
241
244
195
200
274
225
210
115
175
345
190
70
325
440
372
320
360
255
249
144
383
299
348
95
195
460
240
270
190
234
220
345
220
179
240
95
381
280
220
102
240
321
270
355
325
125
290
330
188
345
232
180
205
270
263
275
324
335
370
210
320
335
239
260
425
210
240
234
285
305
370
310
240
245
312
250
320
218
136
410
236
380
359
215
160
271
180
260
325
375
334
310
239
325
250
199
325
249
240
270
325
260
343
350
310
240
287
290
413
155
320
368
337
204
349
245
275
310
270
300
350
255
195
313
480
220
410
121
340
135
287
185
290
220
165
145
353
415
275
290
394
264
161
310
421
120
169
200
345
223
310
295
216
199
140
120
320
400
430
288
275
175
271
306
265
355
351
337
155
315
360
375
285
223
336
159
380
235
269
395
270
315
397
275
330
280
320
285
315
256
300
205
138
460
150
298
210
310
80
276
210
275
330
238
308
250
210
260
257
180
324
400
225
276
395
285
180
366
420
335
220
329
285
180
210
425
295
293
315
327
268
275
274
289
348
326
240
257
355
170
277
277
275
265
180
185
236
255
310
175
277
255
310
325
335
301
335
294
250
270
240
215
245
320
175
325
300
339
270
220
225
200
125
250
310
265
205
220
200
280
203
545
290
380
260
311
315
265
390
270
230
226
240
275
355
309
245
135
304
325
125
315
280
264
205
319
359
310
315
425
302
397
260
251
255
290
330
277
330
130
364
130
227
245
200
285
210
430
311
213
350
285
274
241
300
185
370
261
235
292
235
265
360
165
404
406
180
250
385
368
274
349
313
400
225
300
317
225
160
119
185
311
290
149
175
275
160
150
269
350
345
350
140
305
365
305
396
285
240
300
315
430
241
260
240
290
480
90
365
225
273
231
335
203
315
285
315
215
230
310
195
275
285
180
250
225
330
300
160
257
179
238
220
220
203
270
338
210
284
380
465
135
260
300
225
331
335
325
240
360
395
417
400
430
199
225
300
325
240
315
290
140
264
250
328
325
215
215
190
142
270
267
385
210
195
320
125
185
170
265
125
210
375
400
220
222
342
307
313
335
290
165
200
310
90
315
340
285
230
245
287
320
305
155
190
345
315
205
159
170
155
195
225
182
275
259
302
185
475
270
160
402
387
280
273
230
180
334
230
343
311
350
310
438
269
230
325
390
341
297
405
288
199
165
231
146
265
330
313
179
115
285
244
340
343
390
299
265
70
327
305
255
305
310
175
264
299
213
444
280
335
225
307
279
395
248
295
355
191
229
340
349
160
396
231
290
290
320
290
156
326
380
170
125
220
352
275
410
247
187
175
303
321
160
295
125
387
160
242
233
310
254
372
245
275
260
250
265
315
215
320
370
306
471
323
245
240
205
209
331
344
363
270
338
230
280
296
260
190
445
200
220
240
202
440
250
260
275
320
282
295
305
295
378
345
105
333
350
337
300
270
450
190
190
205
390
305
430
175
365
355
160
194
377
430
240
225
250
354
335
380
167
335
370
425
450
200
320
290
224
192
273
315
165
330
235
245
382
280
128
275
430
237
169
345
325
340
271
479
250
230
290
224
270
335
250
170
320
365
290
422
281
325
195
160
260
149
287
250
200
237
190
355
267
225
180
235
270
420
182
325
240
386
170
300
115
275
342
298
300
155
320
212
255
330
285
215
251
255
295
340
157
125
375
191
260
240
247
305
283
180
247
280
307
257
335
375
240
295
310
320
323
305
230
350
175
281
343
185
363
394
330
265
225
390
470
255
200
245
315
279
315
80
355
380
354
275
330
292
200
210
255
320
325
205
361
120
294
262
280
265
225
185
301
145
390
165
270
125
324
240
267
360
220
180
170
290
336
291
190
410
270
360
365
160
340
265
389
281
470
285
215
215
203
255
270
155
205
240
285
320
279
355
238
425
145
405
350
320
365
402
294
210
210
360
250
185
275
365
259
320
248
145
329
210
295
104
333
265
275
195
310
260
300
350
240
311
425
314
230
275
257
185
210
285
234
285
325
275
325
285
260
250
345
462
155
330
250
347
438
145
197
230
245
266
305
280
375
339
195
275
167
145
195
265
290
312
260
255
265
185
353
205
230
260
335
328
430
306
240
152
230
272
215
395
355
286
335
95
175
395
400
290
247
175
310
245
208
220
315
262
203
355
260
360
331
210
285
169
380
212
140
315
374
199
305
200
287
441
269
377
130
280
185
270
335
355
290
269
375
231
190
210
325
180
185
235
264
210
408
166
175
365
335
280
245
210
278
315
246
315
335
370
275
243
345
255
325
259
290
330
325
265
320
330
305
300
240
370
350
330
236
335
272
262
310
221
330
202
130
240
225
195
271
203
275
393
477
325
320
380
240
255
290
220
225
175
274
275
358
195
180
283
165
369
401
325
185
246
220
190
255
355
240
315
190
246
461
275
390
235
160
308
270
315
265
310
373
302
330
370
215
360
335
345
305
255
331
325
296
310
225
286
309
230
225
210
445
400
135
80
352
325
257
126
263
158
185
245
240
325
269
332
187
168
190
163
268
228
384
372
290
350
345
255
290
230
207
420
385
230
355
380
219
120
205
240
150
360
205
410
290
265
210
232
280
201
299
461
230
280
185
291
415
410
320
255
255
265
375
285
145
255
275
225
190
350
220
244
450
279
130
385
297
230
315
361
210
177
335
280
392
205
300
245
297
250
382
320
351
380
235
360
170
430
420
381
196
160
465
319
175
420
290
375
225
414
313
300
200
230
415
225
322
235
365
195
211
267
325
324
435
125
315
230
125
235
275
310
255
333
280
290
238
285
225
225
230
264
280
210
175
305
298
325
181
250
205
215
180
195
265
220
411
135
180
245
178
356
294
240
310
357
190
223
120
270
304
185
225
280
276
299
315
225
434
270
289
270
185
370
270
292
400
230
165
130
270
170
230
286
290
345
355
404
345
289
345
385
249
190
369
346
268
345
485
335
340
310
400
380
310
245
320
211
318
280
297
300
110
345
139
119
302
380
210
195
220
191
325
330
172
115
205
313
425
205
320
278
233
406
370
290
355
325
250
215
205
332
245
270
405
250
230
280
245
235
385
210
220
240
295
190
249
357
290
515
205
235
215
405
375
312
283
173
255
161
248
306
333
310
255
225
335
255
321
160
279
340
195
345
275
302
218
265
403
405
315
262
360
325
274
295
280
414
295
241
292
310
205
380
305
370
245
316
265
370
281
190
365
278
215
150
382
340
142
270
363
170
295
410
330
245
261
360
240
372
305
275
450
215
440
345
440
430
268
110
295
239
460
400
395
300
130
260
290
300
235
288
352
235
200
315
290
240
245
330
290
211
420
305
220
291
335
300
115
271
236
190
240
285
315
290
247
400
310
299
275
320
295
440
333
207
200
185
289
148
230
335
310
177
430
190
281
301
240
335
350
260
265
275
440
285
345
252
302
405
430
290
298
210
250
265
300
345
250
300
398
215
105
190
264
320
420
358
279
230
260
253
190
321
277
180
230
320
280
266
230
192
236
210
255
220
244
328
400
410
340
360
418
106
406
290
245
225
280
340
170
345
265
250
340
315
185
395
170
205
245
320
361
255
235
436
325
350
315
185
330
343
290
250
285
310
440
430
308
185
325
273
285
223
420
208
405
325
365
400
281
290
266
328
260
165
295
275
115
193
395
322
317
313
335
315
250
235
225
147
185
185
370
200
245
192
321
315
370
195
431
195
280
348
276
210
234
252
213
379
265
215
315
219
438
250
330
375
307
185
305
295
450
211
353
300
213
315
415
265
203
410
295
360
355
234
245
281
355
295
375
155
270
180
255
395
330
365
255
200
367
270
254
235
281
347
415
285
165
314
344
276
260
170
325
232
240
283
210
220
245
145
370
305
300
345
250
298
205
282
340
220
355
270
569
290
279
247
140
299
300
215
295
198
215
310
320
385
365
333
265
280
337
343
270
280
205
305
176
325
289
133
287
341
335
166
168
195
340
209
215
189
265
291
387
310
330
300
305
357
220
315
320
270
170
191
406
251
325
299
300
205
285
205
160
250
110
270
275
265
203
263
400
335
296
285
155
291
210
110
310
286
200
262
332
295
146
280
265
368
215
235
261
130
255
318
320
304
415
318
325
335
270
220
215
370
410
120
242
195
340
168
340
270
269
340
244
270
255
290
175
246
446
230
330
341
225
294
295
330
255
345
200
167
283
285
230
341
100
215
307
440
210
325
395
331
310
264
225
412
146
365
250
370
160
275
373
405
485
305
250
290
140
309
295
387
310
255
335
355
332
390
300
328
190
320
401
220
245
106
240
311
370
225
195
245
280
375
235
220
255
250
240
300
246
280
205
280
315
240
227
266
295
299
290
229
440
281
295
320
280
415
289
310
360
222
339
301
401
389
326
395
230
385
380
160
336
185
150
255
272
292
398
188
120
277
200
210
451
360
330
221
292
386
290
345
255
306
116
120
410
337
310
294
468
335
220
406
360
330
396
230
220
145
405
299
410
286
185
304
390
307
170
240
200
198
215
365
410
274
260
362
165
325
299
433
227
273
230
175
190
355
270
300
315
275
300
325
295
251
250
245
289
239
105
390
225
230
375
275
375
380
335
226
195
297
260
296
363
273
230
331
526
330
325
345
215
285
100
328
244
280
320
168
270
51
335
325
285
270
175
370
295
405
275
247
260
270
300
320
195
250
120
366
470
287
217
235
205
260
345
305
270
165
247
308
340
315
260
211
345
270
390
300
275
335
292
170
305
295
361
396
566
330
369
290
251
355
233
457
335
185
355
245
238
295
270
305
369
281
210
227
147
83
290
475
193
385
395
375
160
300
438
320
350
295
284
290
260
347
244
165
394
405
215
271
265
280
130
395
45
345
200
388
379
365
370
250
176
360
315
245
190
422
100
330
420
260
296
340
294
230
356
296
605
185
195
240
297
369
310
272
225
392
110
290
422
232
459
112
356
240
252
435
313
150
362
280
407
270
380
275
320
195
241
200
325
299
230
180
305
180
291
425
335
240
300
360
420
175
270
320
405
235
455
275
356
385
298
265
400
85
346
370
337
447
450
215
312
265
245
305
105
322
65
275
285
406
155
260
305
250
265
418
499
365
223
430
275
240
291
190
240
365
355
305
240
279
245
383
296
365
269
340
340
305
325
315
195
298
377
270
440
280
220
286
220
336
185
300
330
335
290
190
434
224
309
269
419
255
210
235
308
280
355
268
220
230
235
340
245
200
143
371
196
165
173
240
212
358
130
361
413
318
212
339
345
165
285
397
400
255
355
120
272
270
324
398
306
360
263
305
281
404
230
385
316
235
292
325
345
305
170
300
325
138
320
365
338
285
260
255
202
264
230
145
240
220
325
380
255
265
180
215
455
330
375
235
420
385
477
220
305
320
136
300
370
420
180
350
225
265
180
280
253
409
198
290
305
310
170
250
265
333
306
340
265
306
230
350
348
173
285
100
296
245
240
340
304
200
299
265
230
327
185
248
335
205
215
315
190
225
478
300
340
350
195
400
297
178
340
380
355
410
410
410
140
355
265
233
100
327
279
314
254
125
243
255
315
241
210
287
245
340
265
370
443
385
270
150
370
408
366
210
325
322
223
205
205
236
255
290
360
445
293
199
265
275
214
275
170
275
395
276
235
275
260
310
494
295
477
384
164
220
359
350
250
285
265
211
338
375
350
245
429
360
335
532
255
300
190
405
175
422
235
302
256
395
385
360
240
279
315
275
395
295
369
180
339
435
190
330
230
178
220
217
324
350
225
343
324
270
104
415
194
310
370
321
361
154
235
220
300
363
426
440
110
265
419
280
250
252
470
407
370
405
435
353
255
285
513
185
380
400
294
370
435
241
324
325
315
200
285
270
290
310
341
350
245
280
387
280
360
330
345
187
235
295
455
320
309
318
234
357
400
212
360
215
231
205
245
345
230
371
294
310
349
411
245
125
306
290
247
270
318
310
216
213
270
355
361
245
170
318
345
245
249
305
315
226
185
219
235
408
144
210
250
300
395
185
323
293
133
240
220
358
165
190
259
395
275
340
385
255
232
286
325
243
309
320
239
230
248
255
360
395
333
195
251
260
305
275
395
275
390
155
210
284
165
360
325
255
270
175
341
310
335
323
292
390
450
423
305
210
300
415
400
150
368
285
290
405
295
362
185
396
230
505
258
405
240
340
372
334
405
395
140
168
280
300
330
390
330
235
185
115
280
215
155
370
250
345
485
290
270
440
100
325
209
214
200
380
200
370
413
225
355
300
385
240
304
254
290
260
371
330
145
445
380
450
270
165
340
430
193
515
280
314
420
223
385
334
237
290
388
295
200
263
200
322
289
275
375
245
85
265
330
344
300
365
225
305
105
215
250
165
335
216
340
390
420
235
180
295
435
320
335
250
403
275
255
130
314
354
347
299
350
342
264
237
325
261
229
186
290
264
215
325
352
319
399
230
230
275
340
473
310
490
260
255
191
492
300
305
128
290
270
415
255
235
270
275
355
315
358
295
325
385
371
120
277
160
371
340
296
100
355
290
335
345
330
221
200
434
165
275
275
415
190
320
177
234
324
225
443
365
270
285
380
239
371
228
337
330
330
452
320
310
247
420
300
205
300
225
215
265
219
325
260
280
200
360
170
245
300
366
295
405
165
300
300
141
325
381
375
290
450
366
355
440
235
335
370
258
381
250
163
239
344
302
330
197
340
270
440
270
306
230
291
278
500
269
365
307
291
285
310
219
344
200
241
300
360
250
429
146
180
295
232
410
455
254
177
270
480
289
345
289
355
430
195
370
325
230
330
208
435
240
200
327
287
242
163
280
90
290
260
255
430
240
360
305
350
160
265
410
255
275
160
260
372
195
227
401
520
330
375
245
145
250
255
320
240
224
475
346
320
280
325
365
329
285
195
292
296
301
206
335
235
371
310
215
345
211
255
275
400
300
425
361
276
260
200
395
175
295
310
312
312
326
205
275
313
339
250
340
389
141
229
290
273
257
216
275
280
250
280
260
110
185
280
350
277
325
165
411
315
320
267
190
274
362
180
370
340
310
233
279
355
400
314
254
311
383
305
450
250
394
345
182
455
220
320
356
323
300
464
304
407
220
390
360
371
315
254
400
445
335
335
240
55
222
300
275
346
405
190
345
295
350
371
380
260
130
247
160
330
377
190
339
202
120
307
150
290
335
310
141
199
368
285
290
300
247
320
224
196
187
204
260
225
300
365
250
296
250
130
330
330
283
190
294
235
303
110
345
335
283
232
145
280
385
260
449
447
338
210
330
215
340
330
165
350
322
330
390
215
355
200
305
211
340
250
256
390
455
441
440
287
105
309
335
255
310
310
291
375
307
315
275
220
205
240
295
315
306
265
328
95
286
155
275
315
346
115
361
190
265
325
260
390
385
311
348
155
241
320
293
145
492
250
288
295
385
275
110
199
383
175
316
235
259
350
145
220
386
155
385
275
216
275
320
330
227
340
330
300
300
300
360
342
265
285
301
455
173
250
314
170
210
220
388
365
260
305
432
220
300
305
379
183
345
355
250
265
290
260
165
265
310
290
315
325
183
258
390
273
158
304
361
245
310
325
385
330
175
202
300
295
305
285
405
400
375
235
310
284
330
359
125
355
179
226
290
290
270
331
225
179
110
305
190
265
190
293
260
271
304
215
340
116
490
135
350
407
400
320
345
215
185
245
320
335
271
380
261
100
290
368
386
334
169
165
320
400
210
350
392
320
415
280
391
300
130
395
355
390
300
384
190
315
375
329
100
350
205
365
313
230
300
435
275
346
280
185
325
236
270
277
189
302
205
418
276
285
388
215
491
230
173
400
299
264
335
210
325
335
155
215
325
304
235
240
252
270
325
352
530
350
238
309
140
381
396
314
270
255
322
285
431
263
325
368
413
227
220
210
230
305
231
230
278
365
155
292
365
355
320
263
290
405
220
328
470
260
285
257
281
268
230
165
320
305
260
415
230
355
390
206
333
148
185
380
365
175
334
240
305
295
325
265
230
500
375
150
166
350
399
298
313
300
279
376
270
256
320
340
430
395
195
161
160
312
339
248
425
290
253
193
396
315
225
285
275
165
253
317
195
297
315
405
330
427
420
245
282
577
275
381
315
255
375
284
242
357
295
390
356
385
361
390
150
245
325
295
380
370
275
380
417
240
425
296
255
345
180
255
330
285
305
200
180
260
235
310
280
290
302
100
285
135
329
313
277
270
337
324
85
360
257
385
345
80
305
335
230
254
279
194
174
360
265
388
365
395
355
170
358
220
225
419
300
300
303
220
277
215
360
189
400
345
247
294
190
255
421
180
351
360
470
233
229
365
295
320
130
414
440
299
195
287
414
342
280
251
335
200
333
336
285
144
291
340
354
365
385
335
213
420
393
230
278
186
370
249
225
312
256
313
375
320
346
75
230
427
203
393
220
205
236
351
190
380
323
275
269
255
205
328
457
440
286
385
315
275
260
291
360
435
308
175
310
145
185
278
410
315
225
240
185
280
432
325
140
345
292
401
401
338
150
304
255
254
260
